Some((
    red: 0.5137255,
    green: 0.54509807,
    blue: 0.654902,
))