Some((
    red: 0.7764706,
    green: 0.8156863,
    blue: 0.9607843,
))