Some((
    red: 0.7294118,
    green: 0.73333335,
    blue: 0.94509804,
))