Some((
    red: 0.90588236,
    green: 0.5098039,
    blue: 0.5176471,
))