Some((
    red: 0.25490195,
    green: 0.27058825,
    blue: 0.34901962,
    alpha: 1.0,
))