Some((
    red: 0.31764707,
    green: 0.34117648,
    blue: 0.42745098,
    alpha: 1.0,
))