Some((
    red: 0.6509804,
    green: 0.81960785,
    blue: 0.5372549,
))