Some((
    red: 0.8980392,
    green: 0.78431374,
    blue: 0.5647059,
))