Some((
    red: 0.18823528,
    green: 0.20392157,
    blue: 0.2745098,
    alpha: 1.0,
))